1 0 0
2 0 33
3 0 57
4 0 80
5 0 103
6 0 127
7 0 150
8 0 173
9 0 197
10 0 220
11 0 244
12 0 267
13 0 290
14 0 314
15 0 337
16 0 361
17 0 384
18 0 407
19 0 431
20 0 454
22 0 501
24 0 548
26 0 594
28 0 641
30 0 688
32 0 735
34 0 781
36 0 828
38 0 875
40 0 922
42 0 969
44 0 1015
46 0 1062
48 0 1109
50 0 1156
52 0 1202
54 0 1249
56 0 1296
58 0 1343
60 0 1389
62 0 1436
64 29 1455
66 72 1462
68 121 1461
70 165 1466
72 212 1461
74 260 1464
76 306 1464
78 358 1458
80 405 1461
82 449 1466
84 494 1467
86 540 1463
88 587 1462
90 640 1465
92 680 1465
94 734 1465
96 775 1469
98 821 1468
100 868 1466
110 1102 1466
120 1326 1473
130 1565 1474
140 1787 1477
150 2015 1482
160 2241 1485
170 2475 1485
180 2701 1490
190 2932 1492
200 3154 1501
210 3382 1506
220 3602 1515
230 3827 1528
240 4043 1539
250 4277 1538
260 4493 1557
270 4718 1560
280 4947 1564
290 5164 1585
300 5391 1588
310 5604 1606
320 5841 1603
330 6063 1613
340 6301 1607
350 6521 1618
360 6746 1638
370 6984 1628
380 7212 1631
390 7443 1643
400 7673 1639
425 8237 1662
450 8824 1658
475 9395 1687
500 9956 1699
525 10510 1741
550 11078 1770
575 11686 1753
600 12262 1777
625 12828 1819
650 13399 1811
675 13990 1850
700 14594 1894
725 15178 1911
750 15771 1956
775 16370 1971
800 16956 1991
825 17600 2018
850 18199 2045
875 18842 2066
900 19547 2118
925 20208 2163
950 20904 2188
975 21622 2221
1000 22300 2262
1050 23598 2322
1100 25183 2378
1150 26907 2462
1200 28693 2537
1250 30503 2613
1300 32357 2688
1350 34200 2768
1400 36252 2829
1450 37844 2885
1500 40342 2976
1550 42332 3038
1600 43620 3087
1650 46819 3193
1700 48001 3303
1750 50651 3328
1800 52354 3504
1850 55197 3509
1900 57093 3598
1950 57085 3656
2000 59207 3741
2100 63968 3837
2200 65678 3991
2300 71425 4112
2400 74896 4293
2500 80817 4436
2600 83344 4542
2700 87496 4736
2800 89206 4892
2900 93445 4935
3000 98532 5171
3100 99966 5238
3200 106534 5375
3300 108272 5540
3400 114199 5801
3500 114965 5864
3600 119771 6102
3700 123650 6055
3800 127857 6330
3900 127706 6365
4000 132486 6495
4100 138502 6717
4200 140037 6763
4300 142708 6810
4400 146076 6903
4500 151064 7096
4600 154016 7183
4700 158026 7301
4800 162939 7466
4900 166482 7582
5000 170524 7696
5100 174853 7851
5200 179142 7991
5300 183276 8121
5400 186654 8208
5500 191213 8396
5600 195053 8479
5700 199296 8611
5800 203304 8769
5900 207128 8895
6000 211482 9039
6100 215261 9118
6200 219463 9288
6300 224253 9435
6400 227622 9516
6500 231158 9618
6600 236437 9836
6700 240441 9959
6800 244660 10082
6900 248123 10215
7000 252452 10360
7100 256185 10454
7200 259802 10564
7300 264706 10724
7400 266799 10758
7500 272338 10952
7600 275922 11069
7700 281540 11263
7800 284284 11337
7900 288829 11464
8000 294935 11740
