1 0 0
2 0 0
3 0 0
4 0 0
5 0 0
6 0 0
7 0 0
8 0 0
9 0 1
10 0 2
11 0 3
12 0 4
13 0 5
14 0 6
15 0 7
16 0 8
17 0 9
18 0 10
19 0 11
20 0 12
22 0 14
24 0 16
26 0 18
28 0 21
30 0 23
32 0 26
34 0 28
36 0 31
38 0 33
40 0 35
42 0 38
44 0 40
46 0 43
48 0 45
50 0 48
52 0 50
54 0 53
56 0 55
58 0 57
60 0 60
62 0 62
64 0 65
66 0 67
68 0 70
70 0 72
72 0 75
74 0 77
76 0 79
78 0 82
80 0 84
82 0 87
84 0 89
86 0 92
88 0 94
90 0 97
92 0 99
94 0 101
96 0 104
98 0 106
100 0 109
110 0 121
120 0 133
130 0 145
140 0 158
150 0 170
160 0 182
170 0 194
180 0 207
190 0 219
200 0 231
210 0 243
220 0 255
230 0 268
240 0 280
250 0 292
260 0 304
270 0 317
280 0 329
290 0 341
300 0 353
310 0 365
320 0 378
330 0 390
340 0 402
350 0 414
360 0 427
370 0 439
380 0 451
390 0 463
400 0 475
425 0 506
450 0 536
475 0 567
500 0 598
525 0 628
550 0 659
575 0 689
600 0 720
625 0 750
650 0 781
675 0 811
700 0 842
725 0 873
750 0 903
775 0 934
800 0 964
825 0 995
850 0 1025
875 0 1056
900 0 1086
925 0 1117
950 0 1148
975 0 1178
1000 0 1209
1050 0 1270
1100 0 1331
1150 0 1392
1200 0 1453
1250 0 1514
1300 37 1575
1350 102 1636
1400 197 1697
1450 323 1759
1500 485 1820
1550 673 1881
1600 888 1942
1650 1158 2003
1700 1457 2064
1750 1789 2125
1800 2141 2186
1850 2551 2247
1900 3000 2308
1950 3473 2370
2000 3997 2431
2100 5111 2553
2200 6406 2675
2300 7793 2797
2400 9258 2919
2500 10806 3042
2600 12468 3164
2700 14038 3286
2800 15681 3408
2900 17327 3530
3000 19024 3653
3100 20642 3775
3200 22223 3897
3300 23897 4019
3400 25607 4141
3500 27273 4264
3600 28774 4386
3700 30452 4508
3800 32188 4630
3900 33996 4752
4000 35530 4875
4100 37016 4997
4200 38642 5119
4300 40030 5241
4400 41932 5364
4500 43645 5486
4600 45077 5608
4700 46911 5730
4800 48601 5852
4900 50224 5975
5000 52000 6097
5100 53593 6219
5200 55248 6341
5300 56891 6463
5400 58544 6586
5500 59982 6708
5600 62017 6830
5700 63195 6952
5800 65190 7074
5900 66562 7197
6000 68340 7319
6100 70120 7441
6200 71860 7563
6300 72779 7685
6400 74680 7808
6500 76797 7930
6600 78404 8052
6700 79640 8174
6800 81562 8296
6900 83234 8419
7000 84709 8541
7100 86831 8663
7200 88423 8785
7300 89765 8907
7400 91489 9030
7500 92678 9152
7600 95077 9274
7700 96244 9396
7800 97940 9518
7900 99522 9641
8000 101063 9765
