1 0 0
2 0 7
3 0 17
4 0 28
5 0 38
6 0 48
7 0 59
8 0 69
9 0 79
10 0 89
11 0 100
12 0 110
13 0 120
14 0 131
15 0 141
16 0 151
17 0 161
18 0 172
19 0 182
20 0 192
22 0 213
24 0 233
26 0 254
28 0 275
30 0 295
32 0 316
34 0 336
36 0 357
38 0 377
40 0 398
42 0 419
44 0 439
46 0 460
48 0 480
50 0 501
52 0 521
54 0 542
56 0 563
58 0 583
60 0 604
62 0 624
64 0 645
66 0 666
68 0 686
70 0 707
72 0 727
74 0 748
76 0 768
78 0 789
80 0 810
82 0 830
84 0 851
86 0 871
88 0 892
90 0 912
92 0 933
94 0 953
96 0 974
98 0 995
100 0 1015
110 0 1118
120 0 1221
130 0 1324
140 72 1359
150 176 1363
160 275 1366
170 374 1372
180 471 1376
190 574 1379
200 673 1380
210 774 1383
220 869 1389
230 971 1390
240 1062 1396
250 1167 1400
260 1268 1400
270 1363 1405
280 1463 1409
290 1554 1422
300 1660 1419
310 1758 1425
320 1848 1433
330 1947 1440
340 2042 1443
350 2145 1445
360 2241 1452
370 2342 1454
380 2437 1461
390 2539 1466
400 2633 1486
425 2879 1495
450 3124 1515
475 3355 1539
500 3604 1574
525 3842 1584
550 4099 1596
575 4346 1626
600 4610 1649
625 4855 1645
650 5134 1724
675 5403 1789
700 5700 1806
725 5972 1805
750 6253 1823
775 6501 1852
800 6859 1917
825 7200 1913
850 7531 1973
875 7911 1980
900 8354 2036
925 8723 2124
950 9131 2087
975 9575 2129
1000 9993 2152
1050 10538 2260
1100 11971 2305
1150 13060 2384
1200 14130 2439
1250 15390 2512
1300 16893 2615
1350 16154 2683
1400 19627 2774
1450 20087 2825
1500 22350 2954
1550 22635 2989
1600 23596 3090
1650 25696 3148
1700 27026 3222
1750 25911 3268
1800 25177 3373
1850 31004 3434
1900 30617 3539
1950 32215 3613
2000 32636 3663
2100 37169 3801
2200 41331 3913
2300 43962 4093
2400 45551 4281
2500 49121 4398
2600 51496 4513
2700 53619 4664
2800 56872 4753
2900 58090 4888
3000 61543 5043
3100 61000 5161
3200 64463 5300
3300 68047 5468
3400 70253 5605
3500 71900 5738
3600 75202 6075
3700 75988 6043
3800 80073 6197
3900 84625 6388
4000 84220 6445
4100 88199 6727
4200 89188 6774
4300 91675 6822
4400 94181 7013
4500 98146 7201
4600 99313 7241
4700 101862 7387
4800 102155 7411
4900 105159 7566
5000 108424 7726
5100 110532 7800
5200 113090 7950
5300 116412 8090
5400 118483 8190
5500 121577 8355
5600 124604 8466
5700 127086 8587
5800 129986 8739
5900 132556 8849
6000 135300 9002
6100 138733 9143
6200 141352 9281
6300 143930 9378
6400 146396 9502
6500 149079 9662
6600 151888 9764
6700 155791 9956
6800 158231 10082
6900 160282 10137
7000 162910 10317
7100 166385 10448
7200 169000 10565
7300 171076 10695
7400 174492 10846
7500 175473 10900
7600 180413 11136
7700 182414 11174
7800 185839 11374
7900 187658 11466
8000 192046 11690
