1 0.000259792
2 0.000479018
3 0.000717475
4 0.000940624
5 0.00113521
6 0.001386973
7 0.001574224
8 0.001791402
9 0.002020522
10 0.002250922
11 0.002466922
12 0.002697373
13 0.002913373
14 0.003129322
15 0.003330922
16 0.003575722
17 0.003791875
18 0.003978742
19 0.004230922
20 0.004416221
20 0.004461322
22 0.004864573
24 0.005303722
26 0.005750122
28 0.006210973
30 0.006628573
32 0.007074922
34 0.007506922
36 0.007931722
38 0.008363722
40 0.008831824
42 0.009242173
44 0.009695722
46 0.010142122
48 0.010588522
50 0.010978243
52 0.01141567
54 0.011853149
56 0.012290627
58 0.012728106
60 0.013165533
62 0.013603011
64 0.014051722
66 0.014490922
68 0.014951722
70 0.015383722
72 0.015779651
74 0.016214877
76 0.016649949
78 0.017118922
80 0.017519939
82 0.017975722
84 0.018422122
86 0.018846922
88 0.019307722
90 0.019710922
92 0.020130576
94 0.020567722
96 0.021000925
98 0.021435946
100 0.021870915
110 0.024046275
120 0.026221994
130 0.028397405
140 0.030604522
150 0.032748534
160 0.034924048
170 0.037134922
180 0.039302122
190 0.041490922
200 0.043626307
210 0.045801923
220 0.047977744
230 0.05015377
240 0.052329693
250 0.054522922
260 0.056681334
270 0.058856848
280 0.061074922
290 0.063208848
300 0.065384362
310 0.067598122
320 0.06973585
330 0.071911722
340 0.074086774
350 0.076310122
360 0.078439082
370 0.08061393
380 0.082789443
390 0.084965418
400 0.087140573
425 0.092582122
450 0.098054122
475 0.10345823
500 0.108897245
525 0.114337795
550 0.11977768
575 0.12521521
600 0.130654838
625 0.136095389
650 0.141533379
675 0.147006922
700 0.152414429
725 0.157853699
750 0.163322122
775 0.168733571
800 0.174194122
825 0.179612778
850 0.18505256
875 0.190516522
900 0.195952522
925 0.201373802
950 0.206813482
975 0.212253571
1000 0.217694326
1000 0.217703722
1050 0.228573942
1100 0.23945361
1150 0.25033471
1200 0.261263914
1250 0.272096042
1300 0.282976682
1350 0.293872522
1400 0.304737501
1450 0.315617168
1500 0.326503683
1550 0.337378602
1600 0.34825791
1650 0.359140138
1700 0.37002257
1750 0.380913322
1800 0.391799722
1850 0.402663517
1900 0.413544874
1950 0.424424643
2000 0.435330922
2100 0.45706431
2200 0.478825795
2300 0.50058559
2400 0.522348458
2500 0.544109379
2600 0.565868406
2700 0.587632522
2800 0.609393526
2900 0.631149328
3000 0.652915011
3100 0.674672042
3200 0.696432656
3300 0.718194704
3400 0.739961667
3500 0.761718493
3600 0.783484278
3700 0.805235472
3800 0.827037213
3900 0.848758544
4000 0.8705188
4100 0.892283766
4200 0.914039722
4300 0.935829789
4400 0.95755409
4500 0.979441507
4600 1.001075626
4700 1.022835267
4800 1.044597315
4900 1.066356854
5000 1.088116291
5100 1.109884522
5200 1.131638595
5300 1.153398851
5400 1.175156906
5500 1.196920131
5600 1.218677981
5700 1.240465149
5800 1.262200029
5900 1.28396008
6000 1.305726109
6100 1.327478698
6200 1.349241002
6300 1.371014435
6400 1.392759875
6500 1.414518698
6600 1.436283459
6700 1.458043357
6800 1.479803254
6900 1.501563664
7000 1.523324688
7100 1.545083101
7200 1.566869142
7300 1.588604125
7400 1.610359466
7500 1.632122998
7600 1.653882589
7700 1.675646122
7800 1.69740351
7900 1.719163613
8000 1.741429587
