1 0.001668125
2 0.001675376
3 0.001675376
4 0.001682627
5 0.001682627
6 0.001689878
7 0.001689878
8 0.00176079
9 0.001971126
10 0.002188714
11 0.00239905
12 0.002616637
13 0.002826973
14 0.00304456
15 0.003254896
16 0.003472483
17 0.003682819
18 0.003900406
19 0.004110742
20 0.00432833
20 0.00432833
22 0.004756253
24 0.005184176
26 0.005612099
28 0.006040074
30 0.006460746
32 0.00688872
34 0.007323894
36 0.007744618
38 0.00816529
40 0.008607715
42 0.009013936
44 0.009441859
46 0.009869834
48 0.010297757
50 0.010725731
52 0.011146403
54 0.011567075
56 0.011980547
58 0.012430224
60 0.012850947
62 0.01327887
64 0.013692342
66 0.014134768
68 0.014569942
70 0.014932656
72 0.015440342
74 0.015846563
76 0.016274486
78 0.016687958
80 0.017144886
82 0.0175148
84 0.01797903
86 0.018399702
88 0.01878417
90 0.019241098
92 0.01965457
94 0.020060739
96 0.020532221
98 0.020952893
100 0.021417072
110 0.023542339
120 0.025660304
130 0.02778552
140 0.029801968
150 0.032035952
160 0.034190224
170 0.03631544
180 0.038455158
190 0.040609379
200 0.042734595
210 0.044823555
220 0.046977827
230 0.049103043
240 0.051279018
250 0.053280963
260 0.055514947
270 0.057669168
280 0.059779933
290 0.061890646
300 0.064008611
310 0.06621359
320 0.068346058
330 0.07050033
340 0.072625546
350 0.074750762
360 0.076854224
370 0.078986691
380 0.081169917
390 0.083258928
400 0.085405898
425 0.090802326
450 0.095792688
475 0.101421206
500 0.106520336
525 0.111989328
550 0.117436515
575 0.122789488
600 0.127982883
625 0.133161827
650 0.138754038
675 0.143715395
700 0.14944543
725 0.154762147
750 0.159556726
775 0.165417232
800 0.170777456
825 0.175934595
850 0.181468848
875 0.186393949
900 0.191551088
925 0.197433398
950 0.202822627
975 0.207929008
1000 0.21304264
1000 0.213020886
1050 0.223922563
1100 0.234795235
1150 0.245479376
1200 0.255866218
1250 0.266224003
1300 0.277517296
1350 0.287338493
1400 0.298834819
1450 0.309468202
1500 0.319079062
1550 0.330829181
1600 0.34150607
1650 0.351769642
1700 0.362888854
1750 0.372753558
1800 0.383104144
1850 0.394861514
1900 0.40558191
1950 0.415743914
2000 0.426021987
2100 0.44770207
2200 0.469498173
2300 0.490967971
2400 0.511625584
2500 0.532464477
2600 0.554905987
2700 0.574526627
2800 0.597628048
2900 0.618851254
3000 0.638073078
3100 0.661638576
3200 0.682941597
3300 0.703410678
3400 0.725641853
3500 0.745472829
3600 0.766115939
3700 0.789652432
3800 0.810977206
3900 0.831409981
4000 0.851973379
4100 0.875074749
4200 0.895406058
4300 0.917840317
4400 0.938991011
4500 0.956530454
4600 0.981713072
4700 1.00300159
4800 1.023398109
4900 1.045738102
5000 1.065061443
5100 1.087162147
5200 1.109726928
5300 1.131029898
5400 1.149076976
5500 1.171438723
5600 1.195069482
5700 1.215081686
5800 1.237689974
5900 1.25896399
6000 1.276133622
6100 1.301649795
6200 1.323148598
6300 1.340659037
6400 1.365689328
6500 1.384512285
6600 1.406990051
6700 1.42978687
6800 1.451169654
6900 1.470971574
7000 1.490831555
7100 1.515151229
7200 1.532175786
7300 1.557829731
7400 1.579227018
7500 1.595069578
7600 1.621883818
7700 1.643302806
7800 1.66282193
7900 1.686032118
8000 1.703772595
