1 0.000259792
2 0.000468141
3 0.000672924666667
4 0.00085726725
5 0.001071399
6 0.00128164483333
7 0.00147471785714
8 0.00172160875
9 0.00192188566667
10 0.002154996
11 0.00237424390909
12 0.00256437125
13 0.00279005676923
14 0.00299516492857
15 0.00320194153333
16 0.0034310656875
17 0.00363768647059
18 0.00387682272222
19 0.00409393268421
20 0.0042802608
20 0.00430664265
22 0.00470999331818
24 0.00511796075
26 0.00555288719231
28 0.00598200385714
30 0.00640751126667
32 0.0068308254375
34 0.00725345058824
36 0.00764832911111
38 0.00809875265789
40 0.00852887285
42 0.00893929702381
44 0.00937432161364
46 0.00982974352174
48 0.0102402093125
50 0.0106519013
52 0.0111298037692
54 0.0115273743519
56 0.0119759604821
58 0.012380636931
60 0.0128333044167
62 0.0132453566935
64 0.0136792686406
66 0.0140722860455
68 0.0145064720147
70 0.0149171836429
72 0.0153570630694
74 0.0157983067568
76 0.0162074280395
78 0.0166235256795
80 0.0170574805125
82 0.0174896892927
84 0.0179037464405
86 0.0183652221977
88 0.0187353248523
90 0.0192117717444
92 0.0196593711522
94 0.0200216616277
96 0.0205053057812
98 0.0209084384592
100 0.02134504998
110 0.0234388366545
120 0.0256069908667
130 0.0277389603923
140 0.0298460989071
150 0.03198181562
160 0.0341845439687
170 0.0362429694706
180 0.0384029899722
190 0.0405429894
200 0.04265503794
210 0.0447874092143
220 0.0469423726045
230 0.0490478566087
240 0.0512233106042
250 0.053226984352
260 0.0554669619423
270 0.0575699310444
280 0.0596805172357
290 0.0617924375103
300 0.0639202484533
310 0.0661064178387
320 0.0682402098281
330 0.0703708959667
340 0.0724902611353
350 0.0746424563771
360 0.0767744744167
370 0.0788730762324
380 0.0810307290921
390 0.083156447959
400 0.0852996950525
425 0.0906617766235
450 0.0957528198333
475 0.101319220939
500 0.106532474938
525 0.111861011404
550 0.11727041316
575 0.122639471722
600 0.12784912948
625 0.133003471643
650 0.138645351195
675 0.143602846855
700 0.149297576801
725 0.154622240752
750 0.159434526539
775 0.165250755865
800 0.170583391416
825 0.175797272104
850 0.181197547324
875 0.186357208159
900 0.191460173743
925 0.197276077562
950 0.202535696597
975 0.207733648094
1000 0.212828157898
1000 0.212882078683
1050 0.22373149005
1100 0.234553623728
1150 0.245241017634
1200 0.255604721365
1250 0.266045119104
1300 0.277162725411
1350 0.287034348067
1400 0.298503225941
1450 0.309183081292
1500 0.318800210239
1550 0.330444012934
1600 0.341069333898
1650 0.351394124518
1700 0.362369635953
1750 0.372424046586
1800 0.382670619066
1850 0.394312121326
1900 0.404942207696
1950 0.415263520563
2000 0.425740694279
2100 0.447152300691
2200 0.46890140953
2300 0.490224703968
2400 0.511157346069
2500 0.531869262776
2600 0.554072083312
2700 0.57389016649
2800 0.596745481434
2900 0.618056307038
3000 0.637185376215
3100 0.660619719311
3200 0.681909706417
3300 0.70277969728
3400 0.724538076894
3500 0.744627365578
3600 0.765247438804
3700 0.788548328208
3800 0.809865304154
3900 0.830492766154
4000 0.850990741183
4100 0.873730238433
4200 0.894242851267
4300 0.916344271762
4400 0.937623551282
4500 0.955184807421
4600 0.980313537093
4700 1.00168525637
4800 1.02198860281
4900 1.04420014146
5000 1.06386683265
5100 1.08593974734
5200 1.10829332701
5300 1.12950756013
5400 1.1479317995
5500 1.17016029582
5600 1.19346832598
5700 1.21372310502
5800 1.2360441873
5900 1.25749246946
6000 1.27457731814
6100 1.29995487928
6200 1.32121369255
6300 1.33932100812
6400 1.3640669066
6500 1.38300988238
6600 1.40543895204
6700 1.42775604865
6800 1.44943586192
6900 1.46925966447
7000 1.48943686654
7100 1.51324107822
7200 1.53066216304
7300 1.55580876644
7400 1.57714962926
7500 1.59349237151
7600 1.61968682249
7700 1.64097040008
7800 1.66083358212
7900 1.68379089
8000 1.70210307243
