1 0.001668125
2 0.001668125
3 0.001668125
4 0.001668125
5 0.001668125
6 0.001668125
7 0.001668125
8 0.001731786
9 0.00193487
10 0.002130704
11 0.002333789
12 0.002565878
13 0.002776214
14 0.002993802
15 0.003204138
16 0.003305706
17 0.00350879
18 0.003726378
19 0.003929462
20 0.004125296
20 0.004118045
22 0.004531466
24 0.004937635
26 0.005343805
28 0.005749974
30 0.006148944
32 0.006547862
34 0.006954083
36 0.007360253
38 0.007911498
40 0.008288662
42 0.008571562
44 0.008970531
46 0.009376701
48 0.00977567
50 0.01018184
52 0.01058801
54 0.011197264
56 0.011393149
58 0.011784867
60 0.012198288
62 0.012604458
64 0.013003427
66 0.013409597
68 0.013808566
70 0.014425021
72 0.014744227
74 0.015164899
76 0.01557112
78 0.015825014
80 0.016441469
82 0.016796931
84 0.017203101
86 0.017565814
88 0.018000989
90 0.018247632
92 0.018777123
94 0.019052771
96 0.019589514
98 0.020024688
100 0.020430858
110 0.022418352
120 0.024413046
130 0.026509258
140 0.028590966
150 0.030614666
160 0.03255135
170 0.034683818
180 0.036635005
190 0.038535434
200 0.040696906
210 0.042713354
220 0.044642787
230 0.046434448
240 0.048740944
250 0.050844458
260 0.052875408
270 0.054667069
280 0.056567446
290 0.058685462
300 0.060658403
310 0.062682102
320 0.064727555
330 0.066569974
340 0.068434147
350 0.070428842
360 0.072525053
370 0.074621264
380 0.076209891
390 0.078248093
400 0.080221034
425 0.085225898
450 0.090274269
475 0.095097853
500 0.1000012
525 0.105731235
550 0.110061686
575 0.115189821
600 0.120332509
625 0.125330122
650 0.130356739
675 0.135296342
700 0.140330211
725 0.145153795
750 0.150310934
775 0.155489878
800 0.160509245
825 0.165477853
850 0.17043921
875 0.175625354
900 0.180390928
925 0.185758403
950 0.190436912
975 0.195768131
1000 0.200540957
1000 0.200656976
1050 0.210876989
1100 0.220763446
1150 0.230809482
1200 0.240877219
1250 0.250821686
1300 0.261556586
1350 0.271878166
1400 0.282533302
1450 0.293616259
1500 0.302429488
1550 0.312990358
1600 0.321056662
1650 0.333067824
1700 0.343193622
1750 0.3519996
1800 0.364663421
1850 0.372831242
1900 0.383471875
1950 0.392988522
2000 0.403694416
2100 0.424526058
2200 0.444277219
2300 0.462360554
2400 0.484932586
2500 0.505220336
2600 0.525392118
2700 0.544215075
2800 0.566134499
2900 0.585653622
3000 0.602902966
3100 0.622878966
3200 0.64480559
3300 0.663889642
3400 0.687353622
3500 0.707547107
3600 0.723534742
3700 0.744453398
3800 0.7647412
3900 0.788415466
4000 0.808645258
4100 0.824147011
4200 0.847995306
4300 0.863859619
4400 0.887613699
4500 0.9072996
4600 0.927304554
4700 0.949651798
4800 0.963253635
4900 0.989255638
5000 1.002973546
5100 1.029330858
5200 1.047138646
5300 1.065831082
5400 1.090448054
5500 1.10296216
5600 1.123191952
5700 1.141869885
5800 1.167001693
5900 1.182677526
6000 1.206039939
6100 1.222266864
6200 1.241822243
6300 1.263183274
6400 1.281774192
6500 1.300771229
6600 1.331465014
6700 1.350113942
6800 1.375173238
6900 1.386693878
7000 1.407373245
7100 1.422570448
7200 1.447339696
7300 1.465103978
7400 1.481222083
7500 1.50076296
7600 1.520514122
7700 1.55038127
7800 1.561909162
7900 1.594945187
8000 1.609886598
