1 0.000259792
2 0.000470435
3 0.000652227
4 0.000841322
5 0.001052118
6 0.001306422
7 0.001444758
8 0.001648304
9 0.001757584
10 0.002055395
11 0.002251741
12 0.002368272
13 0.002716842
14 0.002884131
15 0.003058723
16 0.003189757
17 0.003509322
18 0.003676662
19 0.003822198
20 0.004083754
20 0.003967734
22 0.004534403
24 0.004919741
26 0.005109296
28 0.005675965
30 0.006148368
32 0.006511952
34 0.006723312
36 0.007217418
38 0.007602806
40 0.008017149
42 0.008554813
44 0.008882192
46 0.009057245
48 0.009312061
50 0.009965744
52 0.010612176
54 0.01079448
56 0.011288637
58 0.011507197
60 0.012305904
62 0.012451952
64 0.012967862
66 0.013520029
68 0.013593565
70 0.014218243
72 0.014349789
74 0.014669866
76 0.015106013
78 0.015484099
80 0.016311811
82 0.01627663
84 0.016299408
86 0.017047357
88 0.017846013
90 0.018253155
92 0.01819617
94 0.019060138
96 0.018916138
98 0.019417546
100 0.019520086
110 0.022454896
120 0.023417226
130 0.026279523
140 0.027891082
150 0.029718538
160 0.031959312
170 0.033417059
180 0.03622353
190 0.038478806
200 0.039131414
210 0.04240191
220 0.043148989
230 0.045222883
240 0.048384765
250 0.048863446
260 0.052489149
270 0.05313471
280 0.056223978
290 0.056971414
300 0.060277859
310 0.060872662
320 0.064825078
330 0.06461505
340 0.068161142
350 0.070002998
360 0.072048195
370 0.074680483
380 0.07690696
390 0.078966557
400 0.077053059
425 0.08483416
450 0.088366467
475 0.09173935
500 0.099746621
525 0.098173264
550 0.105265654
575 0.111749814
600 0.117726032
625 0.121032221
650 0.130071414
675 0.133910627
700 0.139052547
725 0.144969526
750 0.144556771
775 0.155029296
800 0.157483376
825 0.159172496
850 0.165882979
875 0.169856944
900 0.173695594
925 0.185251568
950 0.191790307
975 0.191349827
1000 0.1930772
1000 0.196231062
1050 0.207019126
1100 0.215642954
1150 0.230439651
1200 0.234952406
1250 0.25042321
1300 0.244858691
1350 0.263889731
1400 0.275597878
1450 0.287543267
1500 0.293147542
1550 0.304127651
1600 0.315306922
1650 0.31951528
1700 0.322042077
1750 0.327322998
1800 0.339822243
1850 0.358294582
1900 0.374687978
1950 0.382631677
2000 0.381857795
2100 0.411406608
2200 0.43459448
2300 0.451984669
2400 0.472471581
2500 0.496696733
2600 0.511168355
2700 0.540427786
2800 0.5571316
2900 0.566999581
3000 0.602626077
3100 0.622159498
3200 0.629206813
3300 0.660156694
3400 0.669480886
3500 0.703039613
3600 0.727616835
3700 0.741276048
3800 0.745815062
3900 0.761233334
4000 0.806354397
4100 0.823263875
4200 0.850458538
4300 0.849074838
4400 0.87138936
4500 0.900672438
4600 0.916677578
4700 0.941759907
4800 0.93761217
4900 0.96600161
5000 0.992302909
5100 1.025285718
5200 1.021535946
5300 1.037546256
5400 1.075570237
5500 1.078688528
5600 1.1252916
5700 1.120329392
5800 1.137667338
5900 1.173552624
6000 1.179353347
6100 1.22890945
6200 1.230764547
6300 1.26077544
6400 1.280352624
6500 1.302941104
6600 1.320116912
6700 1.317645603
6800 1.361189386
6900 1.353504445
7000 1.366927971
7100 1.420181776
7200 1.424247568
7300 1.461156349
7400 1.447428566
7500 1.494297066
7600 1.516055498
7700 1.539377354
7800 1.564708989
7900 1.579969866
8000 1.606185427
