1 0.000259792
2 0.000457264
3 0.000639773
4 0.000735216
5 0.000939427
6 0.001092931
7 0.001210128
8 0.001530358
9 0.001633104
10 0.002004093
11 0.002114038
12 0.002296547
13 0.002616778
14 0.002741277
15 0.00289473
16 0.003207709
17 0.003382966
18 0.003746704
19 0.003907459
20 0.003886883
20 0.00411167
22 0.004411376
24 0.00476904
26 0.00509775
28 0.005556982
30 0.005979907
32 0.006178096
34 0.006746096
36 0.006596176
38 0.006779862
40 0.007833693
42 0.008271171
44 0.008556323
46 0.009117072
48 0.00937327
50 0.009709181
52 0.010407702
54 0.010946698
56 0.011326166
58 0.010965962
60 0.011483203
62 0.012384758
64 0.013002083
66 0.012777654
68 0.012835562
70 0.012081642
72 0.01409007
74 0.014815344
76 0.015177904
78 0.015373328
80 0.014510538
82 0.016338147
84 0.015837866
86 0.017222691
88 0.016874531
90 0.017302506
92 0.018498954
94 0.017237194
96 0.01929679
98 0.018731094
100 0.019608438
110 0.020587248
120 0.022675952
130 0.026178435
140 0.027208208
150 0.02905752
160 0.031762371
170 0.033132797
180 0.036033584
190 0.03853535
200 0.038165898
210 0.041936829
220 0.043713834
230 0.046411946
240 0.048660381
250 0.049349142
260 0.050553763
270 0.053113642
280 0.055129629
290 0.056950755
300 0.060866659
310 0.062361277
320 0.06476127
330 0.066255478
340 0.0673428
350 0.069997354
360 0.072014211
370 0.074428349
380 0.076400829
390 0.078895856
400 0.079918019
425 0.084581667
450 0.089860336
475 0.094807139
500 0.099753021
525 0.10494703
550 0.108407184
575 0.115403824
600 0.120212598
625 0.124956982
650 0.125405891
675 0.12989633
700 0.1405364
725 0.144916893
750 0.145955914
775 0.155071645
800 0.156580662
825 0.160642666
850 0.164204285
875 0.174147011
900 0.180458269
925 0.183462467
950 0.189358973
975 0.195633002
1000 0.193365322
1000 0.193401322
1050 0.210416016
1100 0.221687299
1150 0.227122442
1200 0.233340304
1250 0.251153501
1300 0.260351811
1350 0.263698352
1400 0.276478192
1450 0.283935037
1500 0.300697526
1550 0.311258448
1600 0.316786115
1650 0.331417418
1700 0.341270077
1750 0.351299715
1800 0.34948081
1850 0.371111958
1900 0.379817802
1950 0.383750614
2000 0.401832566
2100 0.421306851
2200 0.439203242
2300 0.453327114
2400 0.472798499
2500 0.492267888
2600 0.522757821
2700 0.538691133
2800 0.562287325
2900 0.573716957
3000 0.596193258
3100 0.611068592
3200 0.625309251
3300 0.662923293
3400 0.67649599
3500 0.700674819
3600 0.697785245
3700 0.736490614
3800 0.766191517
3900 0.782544509
4000 0.784870576
4100 0.822850045
4200 0.827891114
4300 0.849255555
4400 0.885161725
4500 0.899035491
4600 0.909698646
4700 0.919246653
4800 0.956207984
4900 0.973950154
5000 0.976775734
5100 1.006194896
5200 1.030493738
5300 1.062058128
5400 1.078558806
5500 1.101598294
5600 1.110296067
5700 1.126450941
5800 1.136436118
5900 1.163141693
6000 1.17544664
6100 1.193585782
6200 1.23714632
6300 1.235608112
6400 1.256415901
6500 1.271365488
6600 1.290744502
6700 1.340995798
6800 1.364851446
6900 1.380186934
7000 1.378960477
7100 1.391516656
7200 1.431818179
7300 1.427126262
7400 1.462739312
7500 1.471268739
7600 1.515566186
7700 1.528258058
7800 1.5590364
7900 1.558331107
8000 1.570481184
