1 0.000259792
2 0.000477686
3 0.000681232
4 0.000899331
5 0.001110128
6 0.001335427
7 0.001524522
8 0.00174257
9 0.001967869
10 0.002135158
11 0.002396765
12 0.002585808
13 0.00282561
14 0.003036458
15 0.003232752
16 0.003465302
17 0.003661597
18 0.00390145
19 0.004104995
20 0.004337546
20 0.004308541
22 0.004751939
24 0.005130026
26 0.005624182
28 0.006016822
30 0.006467421
32 0.006903568
34 0.00731791
36 0.007746806
38 0.0081684
40 0.008611798
42 0.009011638
44 0.009455037
46 0.00986943
48 0.010305526
50 0.010734422
52 0.011185021
54 0.011592163
56 0.011984752
58 0.012420899
60 0.012886051
62 0.013300394
64 0.013693034
66 0.014165386
68 0.014572528
70 0.014965117
72 0.015430269
74 0.015851914
76 0.016295261
78 0.016687901
80 0.01714575
82 0.017516637
84 0.017988989
86 0.018410634
88 0.018817725
90 0.019282877
92 0.019733526
94 0.020082608
96 0.020591267
98 0.021012861
100 0.021412752
110 0.023571632
120 0.025694256
130 0.027816829
140 0.029972278
150 0.032053578
160 0.034258045
170 0.036368451
180 0.038486006
190 0.040668771
200 0.04277167
210 0.044939984
220 0.04705759
230 0.049145987
240 0.05129265
250 0.053352195
260 0.055571062
270 0.05769592
280 0.059806224
290 0.061887933
300 0.064019632
310 0.066246109
320 0.068421878
330 0.070503331
340 0.07264984
350 0.074825251
360 0.076899453
370 0.079053162
380 0.081192675
390 0.083353789
400 0.085493866
425 0.090794954
450 0.09588632
475 0.101449219
500 0.106599312
525 0.112045526
550 0.117470038
575 0.122786704
600 0.12797249
625 0.133200349
650 0.138809571
675 0.143729213
700 0.149487536
725 0.154846122
750 0.159647286
775 0.165515043
800 0.170797245
825 0.175974397
850 0.181495632
875 0.186463062
900 0.191628733
925 0.197434198
950 0.202856202
975 0.207883434
1000 0.213062531
1000 0.213148982
1050 0.223944246
1100 0.234830602
1150 0.245530166
1200 0.255923952
1250 0.266347664
1300 0.277526986
1350 0.287377546
1400 0.298860906
1450 0.309522781
1500 0.31917343
1550 0.330842403
1600 0.341528592
1650 0.351835517
1700 0.362911888
1750 0.372971606
1800 0.383186621
1850 0.394798966
1900 0.405565123
1950 0.415713341
2000 0.426150326
2100 0.447802224
2200 0.469597814
2300 0.490925558
2400 0.511847594
2500 0.532628221
2600 0.55498961
2700 0.574611683
2800 0.597609846
2900 0.618993296
3000 0.63822401
3100 0.661738544
3200 0.682969923
3300 0.703695101
3400 0.725796573
3500 0.745555549
3600 0.766245923
3700 0.789716522
3800 0.811021181
3900 0.831580758
4000 0.852162531
4100 0.874974794
4200 0.895345718
4300 0.917667421
4400 0.939104496
4500 0.956647318
4600 0.981818435
4700 1.003079126
4800 1.023347408
4900 1.045732598
5000 1.065282672
5100 1.087489635
5200 1.10982376
5300 1.131076944
5400 1.149159101
5500 1.171718883
5600 1.195116938
5700 1.215346678
5800 1.237804227
5900 1.259200899
6000 1.276241546
6100 1.301896464
6200 1.323106038
6300 1.340839984
6400 1.365913834
6500 1.384499446
6600 1.406976189
6700 1.429820099
6800 1.451203088
6900 1.471146602
7000 1.491147325
7100 1.515271574
7200 1.532303178
7300 1.557979286
7400 1.579291043
7500 1.595253392
7600 1.622073418
7700 1.64327057
7800 1.663090986
7900 1.686125558
8000 1.70395817
