1 0.000259792
2 0.000479018
3 0.000661526
4 0.000887491
5 0.001091702
6 0.00132497
7 0.001536432
8 0.001747894
9 0.001959408
10 0.002178122
11 0.002404138
12 0.002579344
13 0.002783555
14 0.003024074
15 0.003250038
16 0.003461552
17 0.003658512
18 0.003898979
19 0.004117744
20 0.004329206
20 0.004321955
22 0.004766685
24 0.005167907
26 0.005605334
28 0.00602831
30 0.006436784
32 0.006910518
34 0.007347946
36 0.00769841
38 0.008193898
40 0.008573366
42 0.009003542
44 0.009477277
46 0.009900253
48 0.010315978
50 0.010760656
52 0.011198134
54 0.011628362
56 0.012036835
58 0.012488765
60 0.012933494
62 0.013312963
64 0.013748957
66 0.014184438
68 0.014626659
70 0.01501128
72 0.01546785
74 0.015917578
76 0.016309142
78 0.016722102
80 0.017186384
82 0.017570902
84 0.017998826
86 0.018469949
88 0.018854211
90 0.019318442
92 0.01973896
94 0.020123325
96 0.020594806
98 0.021000874
100 0.021450346
110 0.023560394
120 0.025707107
130 0.02783176
140 0.029985571
150 0.032103178
160 0.034278691
170 0.036345232
180 0.03847009
190 0.040645552
200 0.042770614
210 0.044873718
220 0.047085846
230 0.049153053
240 0.051314474
250 0.053344758
260 0.055593603
270 0.057718358
280 0.059843114
290 0.061939837
300 0.06405009
310 0.066233622
320 0.068394326
330 0.070541142
340 0.072650934
350 0.074797853
360 0.076938032
370 0.079025866
380 0.081157872
390 0.083297539
400 0.085465443
425 0.090767248
450 0.095893642
475 0.101471299
500 0.10664927
525 0.11202456
550 0.117457142
575 0.122785904
600 0.128015299
625 0.133151248
650 0.138821328
675 0.143746838
700 0.149455837
725 0.154837046
750 0.159639594
775 0.165441373
800 0.170837238
825 0.175957968
850 0.181441258
875 0.186539926
900 0.19162568
925 0.197523261
950 0.202796112
975 0.2079244
1000 0.213067856
1000 0.21312561
1050 0.223940221
1100 0.234841642
1150 0.245555914
1200 0.255885462
1250 0.266316528
1300 0.277545277
1350 0.2873892
1400 0.298878275
1450 0.309583862
1500 0.319152803
1550 0.330939229
1600 0.341557443
1650 0.351816067
1700 0.362872528
1750 0.372836906
1800 0.383157072
1850 0.394911626
1900 0.405568144
1950 0.415780752
2000 0.426219581
2100 0.447753309
2200 0.469543798
2300 0.490882973
2400 0.511804701
2500 0.53253585
2600 0.55496929
2700 0.57467343
2800 0.597674973
2900 0.618894186
3000 0.638129098
3100 0.661590211
3200 0.68295921
3300 0.703698838
3400 0.725676086
3500 0.745656266
3600 0.766298064
3700 0.789644624
3800 0.811100502
3900 0.83157233
4000 0.852128835
4100 0.875032291
4200 0.895439421
4300 0.917724867
4400 0.938939338
4500 0.956612938
4600 0.981742954
4700 1.003132784
4800 1.023321219
4900 1.045755171
5000 1.065273885
5100 1.087318166
5200 1.109825859
5300 1.131151043
5400 1.149348605
5500 1.171575907
5600 1.195139357
5700 1.215253642
5800 1.237885526
5900 1.259174198
6000 1.27618543
6100 1.301851677
6200 1.323142653
6300 1.340879107
6400 1.365907299
6500 1.384569706
6600 1.407233667
6700 1.429842006
6800 1.451304605
6900 1.471005571
7000 1.491185731
7100 1.515351645
7200 1.53238289
7300 1.557842998
7400 1.57912696
7500 1.595285008
7600 1.62179439
7700 1.643340438
7800 1.662733782
7900 1.686074698
8000 1.704171066
