1 0.000259792
2 0.0004740605
3 0.000676397666667
4 0.00088664175
5 0.0010991442
6 0.001328176
7 0.00152330557143
8 0.001732185625
9 0.00193907455556
10 0.0021460812
11 0.00237349272727
12 0.002581383
13 0.00280956892308
14 0.00301504728571
15 0.0032197336
16 0.00343199775
17 0.00364836429412
18 0.003863985
19 0.00408247826316
20 0.00428569955
20 0.0042788871
22 0.00473267313636
24 0.005127306375
26 0.00556059292308
28 0.00597997010714
30 0.00643744923333
32 0.006852573375
34 0.00725866141176
36 0.00768314983333
38 0.00810751865789
40 0.008549681575
42 0.00895997438095
44 0.00939953788636
46 0.00981844676087
48 0.010246609375
50 0.0106771287
52 0.0111270048269
54 0.0115255539074
56 0.0119550389286
58 0.0123686352759
60 0.0128258492
62 0.0132395745806
64 0.0136607874219
66 0.0141311010152
68 0.0145136570294
70 0.0149397544
72 0.0153678215
74 0.0157948846486
76 0.0162052913026
78 0.0166216453333
80 0.01709163225
82 0.0174840823171
84 0.0179230289881
86 0.0183586186279
88 0.0187665163295
90 0.0192333217889
92 0.0196585515978
94 0.0200624585638
96 0.0205202541667
98 0.0209185871735
100 0.02133023758
110 0.0234960714273
120 0.0256296326
130 0.0277615995923
140 0.0298833914
150 0.0319811431867
160 0.0341407864938
170 0.0362939773882
180 0.0384243382833
190 0.0405665575789
200 0.04265718775
210 0.0448253855286
220 0.0469713713273
230 0.0490539706261
240 0.0512175464917
250 0.053246345608
260 0.0554837129346
270 0.0575974691926
280 0.0596846724786
290 0.0618267604034
300 0.06391199547
310 0.0661438487129
320 0.0683176106219
330 0.0703849319
340 0.0725476168618
350 0.0747167811486
360 0.0767912538222
370 0.078944079527
380 0.0810701046
390 0.0832395365282
400 0.0853313222625
425 0.0906680734824
450 0.0957770028111
475 0.101323868562
500 0.106474254056
525 0.111917941522
550 0.117294399662
575 0.122643025452
600 0.127884240243
625 0.133083701242
650 0.138607228829
675 0.143622610873
700 0.149308424484
725 0.154663406226
750 0.159489638937
775 0.165313022637
800 0.170600214246
825 0.175826170761
850 0.181259508202
875 0.18628580021
900 0.191417741841
925 0.19720747287
950 0.20264326768
975 0.207673056431
1000 0.212829140151
1000 0.212974315246
1050 0.223699694508
1100 0.234547683629
1150 0.24523154289
1200 0.255656228922
1250 0.266072866802
1300 0.277115071898
1350 0.287073590369
1400 0.29847670324
1450 0.309113975337
1500 0.318790361673
1550 0.330454683517
1600 0.341079799073
1650 0.351348888348
1700 0.36236258857
1750 0.372505421768
1800 0.382668540597
1850 0.394223191048
1900 0.404961356812
1950 0.415189285219
2000 0.425574150444
2100 0.447247807014
2200 0.468965826177
2300 0.490246425367
2400 0.511134210826
2500 0.531985207418
2600 0.554172641011
2700 0.573865237833
2800 0.596791633208
2900 0.618038097941
3000 0.637405138121
3100 0.660786291761
3200 0.681945416227
3300 0.70260425867
3400 0.724823885457
3500 0.744518809357
3600 0.765189004336
3700 0.788466754457
3800 0.809839272078
3900 0.830430201507
4000 0.85099337976
4100 0.873664584405
4200 0.894141402477
4300 0.9163390756
4400 0.937774926859
4500 0.955223122084
4600 0.980357581747
4700 1.00160008884
4800 1.02211096826
4900 1.0442033636
5000 1.06386968922
5100 1.08615115308
5200 1.10825470929
5300 1.12948964924
5400 1.14775816878
5500 1.17019148222
5600 1.19342105263
5700 1.2139871836
5800 1.23608626727
5900 1.25746377032
6000 1.27462723872
6100 1.30024368489
6200 1.32132936611
6300 1.33929920636
6400 1.36400322424
6500 1.38296304141
6600 1.40536620109
6700 1.42789614343
6800 1.44922837846
6900 1.46934773331
7000 1.48946571834
7100 1.51320422724
7200 1.53051569871
7300 1.55591366458
7400 1.57734829643
7500 1.59335797696
7600 1.61982462121
7700 1.64104361812
7800 1.66110530378
7900 1.68386083488
8000 1.70181040019
