1 0.001668125
2 0.0016717505
3 0.001675376
4 0.0016790015
5 0.0016826272
6 0.00168625283333
7 0.00168987842857
8 0.001757164875
9 0.00197032066667
10 0.0021829126
11 0.00239641281818
12 0.00261119841667
13 0.00282529946154
14 0.00304093442857
15 0.003254896
16 0.003462059625
17 0.00367599452941
18 0.00388993244444
19 0.00410387278947
20 0.00431781535
20 0.00431781535
22 0.00474372804545
24 0.00517118429167
26 0.00559815457692
28 0.00602090789286
30 0.00644455126667
32 0.00687716021875
34 0.00730278061765
36 0.00773472233333
38 0.00815511834211
40 0.00858795565
42 0.00900133152381
44 0.00942516454545
46 0.00985969391304
48 0.0102737371875
50 0.01070685758
52 0.0111243696923
54 0.0115555005556
56 0.0119656135179
58 0.0124057199655
60 0.0128365605167
62 0.0132660045323
64 0.0136743101094
66 0.0141160898939
68 0.0145387952059
70 0.0149410539714
72 0.0154002714722
74 0.0158177488108
76 0.0162423330526
78 0.0166515367436
80 0.017109988075
82 0.0174967922439
84 0.0179524134762
86 0.0183712207558
88 0.0187681596364
90 0.0192121819222
92 0.0196357172065
94 0.0200461335851
96 0.0205023627292
98 0.0209268440102
100 0.0213740229
110 0.0234967698727
120 0.0256221628333
130 0.0277580714923
140 0.0297995949643
150 0.0320123144867
160 0.0341612373313
170 0.0363050125176
180 0.0384218317778
190 0.0405698816579
200 0.04268732864
210 0.0448163595095
220 0.0469570697591
230 0.0490691166087
240 0.051235869125
250 0.053259266192
260 0.0554797345269
270 0.0576094341667
280 0.0596907933286
290 0.061836549031
300 0.0639716503267
310 0.0661447554032
320 0.0682920521531
330 0.0704312648848
340 0.0725737063853
350 0.0746665774914
360 0.0767783872528
370 0.0789074266676
380 0.0810729800237
390 0.0831898317821
400 0.08531058181
425 0.0906997623835
450 0.0957334881778
475 0.101337111419
500 0.10647205918
525 0.111919627459
550 0.117332276689
575 0.12269450899
600 0.127911022302
625 0.133111054358
650 0.138656167018
675 0.143653420887
700 0.149351844271
725 0.154667806036
750 0.159485343611
775 0.165336553774
800 0.170659053713
825 0.175851377253
850 0.181338133278
875 0.186370532286
900 0.191509349813
925 0.197333602526
950 0.202691089246
975 0.207852202971
1000 0.213013739645
1000 0.212978352086
1050 0.223830728548
1100 0.234670583909
1150 0.245341040651
1200 0.25578819896
1250 0.266184089623
1300 0.277384036947
1350 0.28728320816
1400 0.298671322815
1450 0.309344266999
1500 0.318966441093
1550 0.330669453232
1600 0.341324047358
1650 0.351644476187
1700 0.362660012816
1750 0.372604872746
1800 0.382980504042
1850 0.394623817322
1900 0.405299815335
1950 0.415551382598
2000 0.425876752301
2100 0.447526108251
2200 0.469158134241
2300 0.490523197145
2400 0.51134094948
2500 0.532240390013
2600 0.554448169822
2700 0.574188848004
2800 0.597079566142
2900 0.618357869871
3000 0.637586152901
3100 0.660960019915
3200 0.682328762426
3300 0.70291827975
3400 0.724872143746
3500 0.744927883884
3600 0.765530468607
3700 0.788813284918
3800 0.810200599373
3900 0.830637754189
4000 0.851314036973
4100 0.874116618462
4200 0.894634883902
4300 0.916751297481
4400 0.937993588782
4500 0.955515052673
4600 0.980614639225
4700 1.00193528778
4800 1.02233440643
4900 1.04455175789
5000 1.06410696928
5100 1.08618688523
5200 1.10850051179
5300 1.12980376069
5400 1.14803885894
5500 1.17036256414
5600 1.19368203627
5700 1.21393097039
5800 1.23638343759
5900 1.25759234916
6000 1.27493845799
6100 1.30025403845
6200 1.32163227384
6300 1.33945251968
6400 1.36420113457
6500 1.38330451414
6600 1.40566302786
6700 1.428148671
6800 1.44955852261
6900 1.46954275637
7000 1.48957629071
7100 1.51349874256
7200 1.53094406543
7300 1.55618635184
7400 1.57744885546
7500 1.59360761774
7600 1.6200477891
7700 1.64142453303
7800 1.66126425662
7900 1.684066993
8000 1.70217181812
