1 0.000259792
2 0.000477686
3 0.000695734
4 0.000913834
5 0.001134973
6 0.00134993
7 0.001595773
8 0.001811773
9 0.002020522
10 0.002236522
11 0.002445322
12 0.002682922
13 0.002906122
14 0.003100573
15 0.003345322
16 0.003554122
17 0.003755773
18 0.00396671
19 0.004184758
20 0.004402806
20 0.004439722
22 0.004842922
24 0.00527505
26 0.005711197
28 0.006182122
30 0.00658344
32 0.007019587
34 0.007485373
36 0.00789183
38 0.008349322
40 0.008802922
42 0.009220522
44 0.009652522
46 0.010091722
48 0.01050856
50 0.010944707
52 0.011387722
54 0.01181695
56 0.012280522
58 0.012689194
60 0.013125341
62 0.013561437
64 0.014044522
66 0.014483722
68 0.014869827
70 0.015305974
72 0.01574207
74 0.016211722
76 0.016622122
78 0.017082922
80 0.017522122
82 0.017922704
84 0.018400522
86 0.018839722
88 0.019257322
90 0.01966719
92 0.020103338
94 0.020567722
96 0.020975581
98 0.021453322
100 0.021856522
110 0.024028458
120 0.026209091
130 0.028408522
140 0.030590122
150 0.032742442
160 0.034924522
170 0.037093622
180 0.039269187
190 0.041447722
200 0.043620112
210 0.045795626
220 0.048014122
230 0.050146704
240 0.052355722
250 0.054497936
260 0.056673296
270 0.058848912
280 0.061024522
290 0.063206122
300 0.065375709
310 0.067551376
320 0.069727146
330 0.071902864
340 0.074085322
350 0.07625384
360 0.078434122
370 0.080605021
380 0.082780739
390 0.084956355
400 0.087132739
425 0.0925716
450 0.098039722
475 0.103450653
500 0.108890845
525 0.114329757
550 0.119768771
575 0.125208707
600 0.130648285
625 0.136120522
650 0.141528925
675 0.146970653
700 0.152409923
725 0.157848272
750 0.163300522
775 0.168727478
800 0.174169206
825 0.179607402
850 0.185048874
875 0.190487632
900 0.195945322
925 0.201402922
950 0.20680831
975 0.212248861
1000 0.217689002
1000 0.217688438
1050 0.228570768
1100 0.239449872
1150 0.250330717
1200 0.261210333
1250 0.27209087
1300 0.282972944
1350 0.293879722
1400 0.304734685
1450 0.315614096
1500 0.326546064
1550 0.337376093
1600 0.348258064
1650 0.359137834
1700 0.370018422
1750 0.380897578
1800 0.391779754
1850 0.402659677
1900 0.413541853
1950 0.424422442
2000 0.435343114
2100 0.457082026
2200 0.478821802
2300 0.500591722
2400 0.522347843
2500 0.544107434
2600 0.565874122
2700 0.587639722
2800 0.60938641
2900 0.631146922
3000 0.652908458
3100 0.674668099
3200 0.696428816
3300 0.718191018
3400 0.739951632
3500 0.761712042
3600 0.783531459
3700 0.805234858
3800 0.826996342
3900 0.848759722
4000 0.870535798
4100 0.892284278
4200 0.914040285
4300 0.935796342
4400 0.957559722
4500 0.979439632
4600 1.001078595
4700 1.02283967
4800 1.044594499
4900 1.066382845
5000 1.088117827
5100 1.109875216
5200 1.131636496
5300 1.153445827
5400 1.175155984
5500 1.196918032
5600 1.218677315
5700 1.24043711
5800 1.262198493
5900 1.283957725
6000 1.305719158
6100 1.327479978
6200 1.349240643
6300 1.371011517
6400 1.392759158
6500 1.41452095
6600 1.436279773
6700 1.458043203
6800 1.479803254
6900 1.50155967
7000 1.523356547
7100 1.545082794
7200 1.566846922
7300 1.58860264
7400 1.610363971
7500 1.632120336
7600 1.653886019
7700 1.675641565
7800 1.697405405
7900 1.719163715
8000 1.741054291
