1 0.001668125
2 0.001675376
3 0.001682627
4 0.001689878
5 0.00169713
6 0.001704381
7 0.001711632
8 0.001782544
9 0.002000131
10 0.002217718
11 0.002435306
12 0.002652893
13 0.00287048
14 0.003088067
15 0.003305654
16 0.003523242
17 0.003740829
18 0.003958416
19 0.004176003
20 0.00439359
20 0.00439359
22 0.004828765
24 0.005263939
26 0.005699114
28 0.006134339
30 0.006569514
32 0.007004739
34 0.007439914
36 0.007875139
38 0.00831537
40 0.008745488
42 0.009180714
44 0.009649949
46 0.010063421
48 0.010486288
50 0.010921514
52 0.011356688
54 0.011804221
56 0.012261149
58 0.012662262
60 0.013097488
62 0.013532662
64 0.013967888
66 0.014403062
68 0.014872349
70 0.015300272
72 0.015708688
74 0.016143862
76 0.016579037
78 0.017048323
80 0.017449437
82 0.017918723
84 0.018332144
86 0.018755062
88 0.019229354
90 0.019625462
92 0.020060637
94 0.02051537
96 0.020931037
98 0.021366211
100 0.021801437
110 0.023977411
120 0.026153386
130 0.02832936
140 0.030539446
150 0.032686416
160 0.034857334
170 0.037033309
180 0.039209334
190 0.041385309
200 0.043561283
210 0.045737258
220 0.047913232
230 0.050116067
240 0.052265232
250 0.054441206
260 0.056617181
270 0.058793206
280 0.06099599
290 0.063145155
300 0.06532113
310 0.067497104
320 0.06967313
330 0.071849104
340 0.074025078
350 0.076201053
360 0.078377078
370 0.080553053
380 0.082729027
390 0.084905002
400 0.087080976
425 0.092520963
450 0.098036272
475 0.103400886
500 0.108840874
525 0.11428081
550 0.119720797
575 0.125160733
600 0.13060072
625 0.136040656
650 0.141480643
675 0.146925635
700 0.152360566
725 0.157800554
750 0.163245546
775 0.168680477
800 0.174120413
825 0.1795604
850 0.185000336
875 0.190440323
900 0.195885315
925 0.201320246
950 0.206760234
975 0.21220017
1000 0.217674218
1000 0.217645213
1050 0.22852008
1100 0.239400003
1150 0.250279926
1200 0.26119391
1250 0.272039773
1300 0.282919696
1350 0.293799619
1400 0.304679542
1450 0.315559517
1500 0.326493059
1550 0.337319363
1600 0.348199286
1650 0.35907921
1700 0.369959133
1750 0.380880368
1800 0.391724035
1850 0.402598902
1900 0.413478826
1950 0.4243588
2000 0.435258282
2100 0.45699857
2200 0.478758416
2300 0.500518262
2400 0.522278109
2500 0.544043062
2600 0.565797853
2700 0.587557699
2800 0.609317546
2900 0.631077392
3000 0.652849597
3100 0.674597136
3200 0.696356982
3300 0.718116829
3400 0.739876675
3500 0.761636573
3600 0.783396419
3700 0.805156266
3800 0.826916112
3900 0.848675958
4000 0.870484419
4100 0.892195702
4200 0.913955549
4300 0.935715395
4400 0.957487498
4500 0.979247446
4600 1.000994986
4700 1.022754832
4800 1.044514678
4900 1.06627953
5000 1.088034422
5100 1.109794269
5200 1.131554115
5300 1.153313962
5400 1.175073859
5500 1.196833706
5600 1.218593552
5700 1.240353398
5800 1.262113245
5900 1.283873142
6000 1.305715613
6100 1.327392835
6200 1.349152682
6300 1.370946589
6400 1.392672426
6500 1.414432272
6600 1.436192118
6700 1.457951965
6800 1.479711811
6900 1.501471709
7000 1.523231555
7100 1.544991402
7200 1.566785309
7300 1.588511094
7400 1.610270992
7500 1.632030838
7600 1.653790685
7700 1.675550531
7800 1.697310378
7900 1.719070275
8000 1.741044608
