1 0.000404816 0.000404816 0.000404816
11 0.003673149 0.003970448 0.004072573
21 0.006919216 0.007586378 0.007680643
31 0.010578602 0.011209507 0.011318275
41 0.014049456 0.01473112 0.014966173
51 0.017375286 0.018346998 0.018623773
61 0.020896899 0.021941123 0.022274173
71 0.024157091 0.025491363 0.025874173
81 0.02750735 0.029066461 0.029531773
91 0.031387459 0.032634717 0.033138973
101 0.034637226 0.03622529 0.036774973
111 0.038278506 0.039837616 0.040410973
121 0.041853962 0.043420272 0.043993168
131 0.044654614 0.047018608 0.047620509
141 0.048606211 0.050506128 0.051275773
151 0.05210129 0.05414623 0.054871402
161 0.055496234 0.057780464 0.058498384
171 0.054047376 0.061320739 0.062125622
181 0.061036918 0.064909264 0.065750454
191 0.063792118 0.068505654 0.069412573
201 0.06912344 0.07200232 0.073003037
211 0.071197386 0.075367082 0.076670173
221 0.072461194 0.079089098 0.080284573
231 0.077034909 0.082712906 0.083927773
241 0.080001315 0.086324669 0.087506666
251 0.085860746 0.090008637 0.091132624
261 0.089175005 0.09351873 0.094758736
271 0.092858358 0.097202032 0.098384029
281 0.091895434 0.100466813 0.102043024
291 0.098488106 0.104369136 0.105638147
301 0.099516342 0.107935395 0.109262416
311 0.103504195 0.11150993 0.11288776
321 0.107710915 0.115143754 0.116514922
331 0.10967681 0.118683261 0.120158122
341 0.115898083 0.122199683 0.123786922
351 0.116819549 0.125680976 0.12739231
361 0.122193251 0.129437558 0.131018422
371 0.125908067 0.133021853 0.134646224
381 0.125000899 0.136567178 0.138271261
391 0.135978806 0.140126698 0.141896093
401 0.134143379 0.143135328 0.145543322
411 0.130084397 0.146690413 0.149303514
421 0.136436243 0.15028665 0.15280087
431 0.145868566 0.153874198 0.156377168
