1744.70
1      0.025000
2      0.050000
3      0.075000
4      0.100000
5      0.125000
6      0.150000
7      0.157143
8      0.164286
9      0.171429
10      0.178571
11      0.185714
12      0.192857
13      0.200000
14      0.216667
15      0.233333
16      0.250000
17      0.266667
18      0.283333
19      0.300000
20      0.307143
21      0.314286
22      0.321429
23      0.328571
24      0.335714
25      0.342857
26      0.350000
27      0.357143
28      0.364286
29      0.371429
30      0.378571
31      0.385714
32      0.392857
33      0.400000
34      0.406500
35      0.413000
36      0.419500
37      0.426000
38      0.432500
39      0.439000
40      0.445500
41      0.452000
42      0.458500
43      0.465000
44      0.471500
45      0.478000
46      0.484500
47      0.491000
48      0.497500
49      0.504000
50      0.510500
51      0.517000
52      0.523500
53      0.530000
54      0.530875
55      0.531750
56      0.532625
57      0.533500
58      0.534375
59      0.535250
60      0.536125
61      0.537000
62      0.537875
63      0.538750
64      0.539625
65      0.540500
66      0.541375
67      0.542250
68      0.543125
69      0.544000
70      0.544875
71      0.545750
72      0.546625
73      0.547500
74      0.548375
75      0.549250
76      0.550125
77      0.551000
78      0.551875
79      0.552750
80      0.553625
81      0.554500
82      0.555375
83      0.556250
84      0.557125
85      0.558000
86      0.558875
87      0.559750
88      0.560625
89      0.561500
90      0.562375
91      0.563250
92      0.564125
93      0.565000
94      0.565875
95      0.566750
96      0.567625
97      0.568500
98      0.569375
99      0.570250
100      0.571125
101      0.572000
102      0.572875
103      0.573750
104      0.574625
105      0.575500
106      0.576375
107      0.577250
108      0.578125
109      0.579000
110      0.579875
111      0.580750
112      0.581625
113      0.582500
114      0.583375
115      0.584250
116      0.585125
117      0.586000
118      0.586875
119      0.587750
120      0.588625
121      0.589500
122      0.590375
123      0.591250
124      0.592125
125      0.593000
126      0.593875
127      0.594750
128      0.595625
129      0.596500
130      0.597375
131      0.598250
132      0.599125
133      0.600000
134      0.600187
135      0.600375
136      0.600562
137      0.600749
138      0.600936
139      0.601124
140      0.601311
141      0.601498
142      0.601685
143      0.601873
144      0.602060
145      0.602247
146      0.602434
147      0.602622
148      0.602809
149      0.602996
150      0.603184
151      0.603371
152      0.603558
153      0.603745
154      0.603933
155      0.604120
156      0.604307
157      0.604494
158      0.604682
159      0.604869
160      0.605056
161      0.605243
162      0.605431
163      0.605618
164      0.605805
165      0.605993
166      0.606180
167      0.606367
168      0.606554
169      0.606742
170      0.606929
171      0.607116
172      0.607303
173      0.607491
174      0.607678
175      0.607865
176      0.608052
177      0.608240
178      0.608427
179      0.608614
180      0.608801
181      0.608989
182      0.609176
183      0.609363
184      0.609551
185      0.609738
186      0.609925
187      0.610112
188      0.610300
189      0.610487
190      0.610674
191      0.610861
192      0.611049
193      0.611236
194      0.611423
195      0.611610
196      0.611798
197      0.611985
198      0.612172
199      0.612360
200      0.612547
201      0.612734
202      0.612921
203      0.613109
204      0.613296
205      0.613483
206      0.613670
207      0.613858
208      0.614045
209      0.614232
210      0.614419
211      0.614607
212      0.614794
213      0.614981
214      0.615169
215      0.615356
216      0.615543
217      0.615730
218      0.615918
219      0.616105
220      0.616292
221      0.616479
222      0.616667
223      0.616854
224      0.617041
225      0.617228
226      0.617416
227      0.617603
228      0.617790
229      0.617978
230      0.618165
231      0.618352
232      0.618539
233      0.618727
234      0.618914
235      0.619101
236      0.619288
237      0.619476
238      0.619663
239      0.619850
240      0.620037
241      0.620225
242      0.620412
243      0.620599
244      0.620787
245      0.620974
246      0.621161
247      0.621348
248      0.621536
254      0.622659
267      0.625094
280      0.627528
294      0.630150
307      0.632584
320      0.635019
334      0.637640
347      0.640075
360      0.642509
374      0.645131
387      0.647566
400      0.650000
414      0.652622
427      0.655056
441      0.657678
454      0.660112
467      0.662547
481      0.665169
494      0.667603
507      0.670037
521      0.672659
534      0.675094
547      0.677528
561      0.680150
574      0.682584
587      0.685019
601      0.687640
614      0.690075
627      0.692509
641      0.695131
654      0.697566
667      0.700000
684      0.702553
701      0.705105
717      0.707508
734      0.710060
751      0.712613
767      0.715015
784      0.717568
801      0.720120
817      0.722523
834      0.725075
851      0.727628
867      0.730030
884      0.732583
901      0.735135
917      0.737538
934      0.740090
951      0.742643
967      0.745045
984      0.747598
1000      0.750000
1017      0.752553
1034      0.755105
1050      0.757508
1067      0.760060
1084      0.762613
1100      0.765015
1117      0.767568
1134      0.770120
1150      0.772523
1167      0.775075
1184      0.777628
1200      0.780030
1217      0.782583
1234      0.785135
1250      0.787538
1267      0.790090
1284      0.792643
1300      0.795045
1317      0.797598
1333      0.800000
1383      0.802500
1433      0.805000
1483      0.807500
1533      0.810000
1583      0.812500
1633      0.815000
1683      0.817500
1733      0.820000
1783      0.822500
1833      0.825000
1883      0.827500
1933      0.830000
1983      0.832500
2033      0.835000
2083      0.837500
2133      0.840000
2183      0.842500
2233      0.845000
2283      0.847500
2333      0.850000
2383      0.852500
2433      0.855000
2483      0.857500
2533      0.860000
2583      0.862500
2633      0.865000
2683      0.867500
2733      0.870000
2783      0.872500
2833      0.875000
2883      0.877500
2933      0.880000
2983      0.882500
3033      0.885000
3083      0.887500
3133      0.890000
3183      0.892500
3233      0.895000
3283      0.897500
3333      0.900000
7001      0.902505
7334      0.905003
7667      0.907500
8001      0.910005
8334      0.912503
8667      0.915000
9001      0.917505
9334      0.920003
9667      0.922501
10001      0.925006
10334      0.927503
10667      0.930001
11001      0.932506
11334      0.935003
11667      0.937501
12001      0.940006
12334      0.942504
12667      0.945001
13001      0.947506
13334      0.950004
13667      0.952501
14001      0.955006
14334      0.957504
14667      0.960002
15001      0.962507
15334      0.965004
15667      0.967502
16001      0.970007
16334      0.972504
16667      0.975002
17001      0.977507
17334      0.980005
17667      0.982502
18001      0.985007
18334      0.987505
18667      0.990002
19001      0.992507
19334      0.995005
19667      0.997502
20000      1.000000
